Data Mean Corr-Diag Corr-Full Corr-Swap Loss MMD-Full MMD-Swap Epoch
train 4.621376137947664e-05 0.17469875514507294 0.2755764126777649 0.3381258249282837 0.43080195650458336 0.2142805939167738 0.2085890555381775 0.0
        0.0
train 4.424967119120993e-05 0.18088923394680023 0.2567709982395172 0.3259955644607544 0.3685587286949158 0.1809648661315441 0.1849946951121092 1.0
        1.0
train 0.00010191014007432386 0.20452256500720978 0.2546805143356323 0.3047483563423157 0.36933464244008063 0.1816832384467125 0.1852678759396076 2.0
        2.0
train 4.098549106856808e-05 0.1920187771320343 0.2702832818031311 0.2940498888492584 0.3668107609450817 0.1804898142069578 0.18413192838430403 3.0
        3.0
train 7.477582403225824e-05 0.2050366997718811 0.26627570390701294 0.28212082386016846 0.365019646435976 0.17957824379205703 0.1833455915004015 4.0
        4.0
train 5.6317865528399125e-05 0.19735287129878998 0.26095202565193176 0.28418245911598206 0.36536605209112166 0.17988625004887582 0.18348461158573628 5.0
        5.0
train 5.965579111943953e-05 0.19431458413600922 0.25667455792427063 0.2827664613723755 0.3666364933550358 0.1804056631028652 0.18419308215379715 6.0
        6.0
train 3.852629379252903e-05 0.1797163188457489 0.2671014368534088 0.2988026440143585 0.36414679303765296 0.17897804237902165 0.18320375867187977 7.0
        7.0
train 5.8958878071280196e-05 0.1799483299255371 0.27501633763313293 0.2848730981349945 0.3651737643778324 0.17923377692699433 0.1839478787779808 8.0
        8.0
train 2.8886313884868287e-05 0.19035179913043976 0.28616902232170105 0.28111961483955383 0.3635624708235264 0.17845356710255145 0.18318070344626902 9.0
        9.0
train 4.4392727431841195e-05 0.1773288995027542 0.27993741631507874 0.2915770709514618 0.3643954385817051 0.17910544857382774 0.18344999849796295 10.0
        10.0
train 3.8333237171173096e-05 0.1913749873638153 0.2993941009044647 0.2739615738391876 0.3631120234727859 0.17838885597884654 0.182844657599926 11.0
        11.0
train 6.400913116522133e-05 0.20159973204135895 0.29321709275245667 0.27311816811561584 0.3633205446600914 0.17848136365413667 0.18294312618672848 12.0
        12.0
train 5.5473268730565906e-05 0.18879522383213043 0.26908931136131287 0.284716933965683 0.3620160771906376 0.17767191499471666 0.1824893355369568 13.0
        13.0
train 7.257013930939138e-05 0.19231978058815002 0.29720669984817505 0.2813838720321655 0.36344299122691154 0.1784925191104412 0.18309356555342673 14.0
        14.0
train 6.3393781601917e-05 0.19449256360530853 0.29217466711997986 0.27049520611763 0.364069052785635 0.1788862933218479 0.18331831872463225 15.0
        15.0
train 4.240348789608106e-05 0.18326111137866974 0.28509706258773804 0.264873743057251 0.3643529452383518 0.17901125498116016 0.1835113909840584 16.0
        16.0
train 4.621311018127017e-05 0.19670432806015015 0.3128398656845093 0.2781297564506531 0.3615292692184448 0.1777423235028982 0.18201183661818504 17.0
        17.0
train 3.367056342540309e-05 0.16968929767608643 0.2886393070220947 0.2751823365688324 0.3639222158491611 0.17893695078790187 0.18318553008139132 18.0
        18.0
train 3.5247052437625825e-05 0.19316036999225616 0.278871089220047 0.2627149820327759 0.36352880522608755 0.17835600547492503 0.18337274134159087 19.0
        19.0
train 6.38823548797518e-05 0.20165356993675232 0.31353771686553955 0.27617597579956055 0.3624497584998608 0.17819306962192058 0.18249215729534626 20.0
        20.0
train 2.9024229661445133e-05 0.1783057451248169 0.3232901692390442 0.2926020920276642 0.36268382132053373 0.17800827130675315 0.18288257889449597 21.0
        21.0
train 5.6422602938255295e-05 0.18279218673706055 0.3095475137233734 0.2790011763572693 0.36255447506904603 0.1780926901847124 0.18261242277920245 22.0
        22.0
train 2.7325324481353164e-05 0.19072294235229492 0.3151112198829651 0.2897295653820038 0.3606221927702427 0.1770870239287615 0.181737552434206 23.0
        23.0
train 3.943915726267733e-05 0.17787227034568787 0.28781765699386597 0.275073379278183 0.3601348865032196 0.1766586033254862 0.18169029787182808 24.0
        24.0
train 5.998420238029212e-05 0.19524651765823364 0.2876764237880707 0.2809375524520874 0.3608019171655178 0.1770136597752571 0.18201971478760243 25.0
        25.0
train 3.848312553600408e-05 0.19188572466373444 0.30507349967956543 0.28218138217926025 0.3592382945120335 0.1762520882487297 0.1812394318729639 26.0
        26.0
train 3.793693394982256e-05 0.1924913227558136 0.29259055852890015 0.2717786729335785 0.35824803084135054 0.17587859563529493 0.1805716063082218 27.0
        27.0
train 4.355884811957367e-05 0.18136416375637054 0.2963983118534088 0.28599295020103455 0.3625087752938271 0.1780271904170513 0.1826376274973154 28.0
        28.0
train 8.706537482794374e-05 0.18743939697742462 0.300621896982193 0.2750820219516754 0.3591437683999538 0.1762587385624647 0.18098689772188664 29.0
        29.0
train 2.9259032089612447e-05 0.19177940487861633 0.3092709481716156 0.27621299028396606 0.3577914622426033 0.17538996905088425 0.18061657853424548 30.0
        30.0
train 6.143562495708466e-05 0.1861102432012558 0.2671688199043274 0.2699858248233795 0.36053682714700697 0.17717001140117644 0.18159894347190858 31.0
        31.0
train 4.0251532482216135e-05 0.17469072341918945 0.2618061304092407 0.27507326006889343 0.36072013556957244 0.17697315759956836 0.1819453679025173 32.0
        32.0
train 4.63173673779238e-05 0.171048104763031 0.31150251626968384 0.2899758219718933 0.36047190099954607 0.17680060505867004 0.18180101938545704 33.0
        33.0
train 3.911180829163641e-05 0.19688758254051208 0.3000898063182831 0.27810347080230713 0.3614679476618767 0.1771564244478941 0.1824770423024893 34.0
        34.0
train 2.391651287325658e-05 0.18820147216320038 0.28112995624542236 0.2730313837528229 0.35899302154779433 0.17614653907716274 0.1810903076082468 35.0
        35.0
train 5.2633837185567245e-05 0.20040780305862427 0.290616512298584 0.27314600348472595 0.359324983805418 0.1760754757374525 0.18149661622941493 36.0
        36.0
train 3.865758844767697e-05 0.1975162774324417 0.29224854707717896 0.2704172134399414 0.3596920685470104 0.1759813465923071 0.1819520463049412 37.0
        37.0
train 3.557214586180635e-05 0.20309831202030182 0.30411064624786377 0.27079370617866516 0.36061661526560784 0.17699552595615387 0.1818846043199301 38.0
        38.0
train 2.807873534038663e-05 0.20828783512115479 0.32707613706588745 0.27353450655937195 0.3592874923348427 0.1759597010910511 0.18160265430808067 39.0
        39.0
train 2.7998674340778962e-05 0.19769667088985443 0.29689380526542664 0.2750803828239441 0.362259179353714 0.1776485591381788 0.1828387774527073 40.0
        40.0
train 2.610336923680734e-05 0.19586767256259918 0.3068060278892517 0.2769578993320465 0.3607636861503124 0.17668129310011862 0.18229491010308266 41.0
        41.0
train 2.6952064217766747e-05 0.19854232668876648 0.3370372951030731 0.2791905403137207 0.35940205737948416 0.17604038245975973 0.18162753812968732 42.0
        42.0
train 3.438000931055285e-05 0.19307880103588104 0.27940309047698975 0.27305614948272705 0.35757449582219125 0.17544969610869884 0.18038990885019301 43.0
        43.0
train 2.510442391212564e-05 0.17989623546600342 0.31449124217033386 0.27015820145606995 0.3587709958851337 0.17554449625313281 0.18144681856036185 44.0
        44.0
train 3.0927578336559236e-05 0.1917649507522583 0.2990724444389343 0.2680288851261139 0.3577420420944691 0.1754347088187933 0.18051276177167894 45.0
        45.0
train 4.354587144916877e-05 0.19242729246616364 0.32496464252471924 0.27822721004486084 0.3583543163537979 0.17530846618115903 0.1812689233571291 46.0
        46.0
train 3.478173675830476e-05 0.1878456026315689 0.31759437918663025 0.28124144673347473 0.3569200399518013 0.1751298090070486 0.17998324252665043 47.0
        47.0
train 2.907952875830233e-05 0.1861620545387268 0.3084747791290283 0.2737725079059601 0.35915345430374146 0.17599292583763598 0.18136572413146496 48.0
        48.0
train 4.382052429718897e-05 0.19920724630355835 0.32115399837493896 0.2793133556842804 0.3602166047692299 0.1764673824608326 0.18198783248662947 49.0
        49.0
train 7.894551526987925e-05 0.1795952022075653 0.2980358302593231 0.27566543221473694 0.3622188991308212 0.17730074398219586 0.18310306511819363 50.0
        50.0
train 2.5598863430786878e-05 0.1991114467382431 0.3236182630062103 0.2781018912792206 0.3583320190012455 0.1754474687576294 0.18106462128460407 51.0
        51.0
train 6.319354724837467e-05 0.1933595985174179 0.29156675934791565 0.2688469886779785 0.35930030286312103 0.1761242873221636 0.18140085764229297 52.0
        52.0
train 3.5845783713739365e-05 0.191628098487854 0.29812556505203247 0.26482871174812317 0.3571054270863533 0.17494097486138344 0.18035354986786842 53.0
        53.0
train 4.4500080548459664e-05 0.19609549641609192 0.296418160200119 0.2637846767902374 0.3609467500448227 0.1768144216388464 0.18230610586702822 54.0
        54.0
train 3.8732738175895065e-05 0.19834206998348236 0.27840298414230347 0.26671478152275085 0.35908583670854566 0.1757478816062212 0.18154218412935733 55.0
        55.0
train 2.7318077627569437e-05 0.19961510598659515 0.3307134807109833 0.28335121273994446 0.35500639349222185 0.17400967486202717 0.1792694076895714 56.0
        56.0
train 1.700628490652889e-05 0.20312124490737915 0.3051624298095703 0.27381664514541626 0.3595210441946983 0.17595370642840863 0.18183751612901689 57.0
        57.0
train 3.580759948818013e-05 0.20122727751731873 0.3336004912853241 0.2798699736595154 0.3584171795845032 0.1755523081123829 0.18110185936093331 58.0
        58.0
train 2.7487731131259352e-05 0.20560674369335175 0.3251519799232483 0.282443106174469 0.3590183709561825 0.17599171712994577 0.1812748496234417 59.0
        59.0
train 2.38587617786834e-05 0.19949351251125336 0.306458979845047 0.27273350954055786 0.3566902989149094 0.17461804501712322 0.18034917615354062 60.0
        60.0
train 4.4227981561562046e-05 0.20204173028469086 0.3246799409389496 0.2721250653266907 0.3590614786744118 0.17567309498786926 0.18160813860595226 61.0
        61.0
train 3.5548157029552385e-05 0.19428107142448425 0.33397382497787476 0.2926550805568695 0.3575794079899788 0.175337932780385 0.18045354209840297 62.0
        62.0
train 2.6684263502829708e-05 0.20147274434566498 0.3171786367893219 0.27411866188049316 0.3558530820906162 0.17417969956994056 0.17991985216736794 63.0
        63.0
train 4.939363861922175e-05 0.20503675937652588 0.2786282002925873 0.26934024691581726 0.35811314299702646 0.17536237455904483 0.18096482187509536 64.0
        64.0
train 3.688042124849744e-05 0.20971143245697021 0.32353582978248596 0.2804345488548279 0.35788803234696387 0.17511600658297538 0.18100690186023713 65.0
        65.0
train 3.422985537326895e-05 0.20561233162879944 0.2815476953983307 0.27407869696617126 0.3572389349341393 0.1748407693952322 0.18064519308507443 66.0
        66.0
train 3.571413253666833e-05 0.20159848034381866 0.30324649810791016 0.2809273600578308 0.35896976381540296 0.17581945292651655 0.18135551914572715 67.0
        67.0
train 5.978135231998749e-05 0.2087678611278534 0.32899177074432373 0.2672805190086365 0.3587880665063858 0.17553459957242012 0.18149504117667675 68.0
        68.0
train 2.9610864658025093e-05 0.2120201140642166 0.3115898072719574 0.2749391794204712 0.3569340494275093 0.17469795405864716 0.1804670038074255 69.0
        69.0
train 0.00010995458433171734 0.19851966202259064 0.3066311478614807 0.28443971276283264 0.35820046067237854 0.17543170228600502 0.18099592953920365 70.0
        70.0
train 4.8134334065252915e-05 0.2051059752702713 0.28918910026550293 0.2772299647331238 0.35776241570711137 0.17499614477157593 0.1809833674877882 71.0
        71.0
train 1.1251126124989241e-05 0.20501568913459778 0.3169020712375641 0.285250186920166 0.3568460018932819 0.17467165112495422 0.18039408966898918 72.0
        72.0
train 3.6490750062512234e-05 0.20576617121696472 0.30944210290908813 0.27243572473526 0.357463266402483 0.1748193707317114 0.18086415983736515 73.0
        73.0
train 2.234434214187786e-05 0.1991640329360962 0.32052239775657654 0.2874475419521332 0.35838562071323393 0.17551688745617866 0.18107761487364768 74.0
        74.0
train 5.662079274770804e-05 0.20351488888263702 0.3325045108795166 0.2774709463119507 0.3553487305343151 0.17393244296312332 0.1796792694926262 75.0
        75.0
train 4.0731327317189425e-05 0.19313524663448334 0.30588629841804504 0.28046953678131104 0.3590137203037739 0.17557469099760056 0.18169646732509137 76.0
        76.0
train 4.134560003876686e-05 0.21287721395492554 0.2981003224849701 0.2718907594680786 0.3579332363605499 0.17529687441885472 0.18088398426771163 77.0
        77.0
train 7.888912659836933e-05 0.21095453202724457 0.3336641788482666 0.27837544679641724 0.3575611753761768 0.1748037899285555 0.1809489666670561 78.0
        78.0
train 3.276578718214296e-05 0.2145100235939026 0.29397711157798767 0.2736053168773651 0.3575577120482922 0.17486380033195018 0.1809250421077013 79.0
        79.0
train 4.779677328770049e-05 0.20649173855781555 0.3364188075065613 0.27843743562698364 0.35522338628768924 0.17417088441550732 0.1793154287338257 80.0
        80.0
train 2.4865757950465195e-05 0.20449408888816833 0.3512769639492035 0.2796872556209564 0.3566499528288841 0.1743348731100559 0.18056232340633868 81.0
        81.0
train 4.183721466688439e-05 0.19692938029766083 0.3106807768344879 0.2863321304321289 0.35915368661284447 0.17564555414021016 0.18172824896872045 82.0
        82.0
train 2.719640360737685e-05 0.20150725543498993 0.31488192081451416 0.2779841423034668 0.3554644538462162 0.17390642449259758 0.17975074283778666 83.0
        83.0
train 3.8589198084082454e-05 0.2102082520723343 0.35482802987098694 0.2934459149837494 0.3561781522631645 0.17394805647432804 0.1804634017497301 84.0
        84.0
train 1.130823147832416e-05 0.21420902013778687 0.3450002372264862 0.27978581190109253 0.35706343725323675 0.17447529926896096 0.18080484919250012 85.0
        85.0
train 2.0869436411885545e-05 0.2187940776348114 0.3477289080619812 0.2818220555782318 0.35551090717315675 0.17391817778348923 0.17982268013060093 86.0
        86.0
train 3.257001662859693e-05 0.20846238732337952 0.32405149936676025 0.29470664262771606 0.35580293595790863 0.1738523767143488 0.18018657587468623 87.0
        87.0
train 2.73591485893121e-05 0.20571066439151764 0.31441959738731384 0.27543115615844727 0.3549143935739994 0.17351335540413856 0.17959775790572166 88.0
        88.0
train 1.650852573220618e-05 0.21493452787399292 0.3271338641643524 0.2816629409790039 0.3560790748894215 0.17384271308779717 0.1804393220692873 89.0
        89.0
train 2.5559091227478348e-05 0.21301035583019257 0.31970545649528503 0.27584633231163025 0.35540680557489396 0.17362712748348713 0.1800144451111555 90.0
        90.0
train 4.512274244916625e-05 0.21149452030658722 0.3324792683124542 0.28553417325019836 0.35866450682282447 0.1752993544191122 0.18160690911114216 91.0
        91.0
train 4.073809759574942e-05 0.21456754207611084 0.32962170243263245 0.2946263253688812 0.3576063437759876 0.17489631608128547 0.1809023029357195 92.0
        92.0
train 4.612890916178003e-05 0.20213006436824799 0.3275024890899658 0.28560754656791687 0.35701742678880694 0.17441483207046984 0.18085060559213162 93.0
        93.0
train 1.9889050236088224e-05 0.21865855157375336 0.3494400084018707 0.2933777868747711 0.3567940901219845 0.17398885846138 0.18104133680462836 94.0
        94.0
train 2.8902220947202295e-05 0.21281348168849945 0.32212772965431213 0.2790568470954895 0.356504462659359 0.1742048793286085 0.1805857468396425 95.0
        95.0
train 2.3899428924778476e-05 0.2057875394821167 0.3437071144580841 0.28919607400894165 0.3590368205308914 0.17522963918745518 0.18203052140772344 96.0
        96.0
train 2.368915556871798e-05 0.205717533826828 0.34373578429222107 0.2820083200931549 0.3559964892268181 0.17382087923586367 0.18039646320044994 97.0
        97.0
train 3.677805216284469e-05 0.21563000977039337 0.3390161991119385 0.2931972146034241 0.35660644426941873 0.17432483054697515 0.18044191397726536 98.0
        98.0
train 4.306899427319877e-06 0.21038495004177094 0.29296979308128357 0.27244699001312256 0.35432334333658216 0.17293222844600678 0.1796316011250019 99.0
        99.0
